=== RUN   TestEncryptDecryptCycle
2026/03/19 16:22:16 Decoded values after decryption: [0.4999999977260684 0.24999999952849192 -0.7500000004612584 1.000000000076467] [0.5 0.25 -0.75 1]
--- PASS: TestEncryptDecryptCycle (0.01s)
=== RUN   TestBatchEncryptDecryptCycle
--- PASS: TestBatchEncryptDecryptCycle (0.02s)
=== RUN   TestCosineSimilarity
2026/03/19 16:22:16 Normalized vector a: [0.08857274494290947 -0.7034757955936708 0.5568586563525773 -0.2869913260011692 0.32376085234694935]
2026/03/19 16:22:16 Normalized vector b: [-0.4117910123618645 -0.3302395968682606 0.6462382583874193 0.5231899707781006 -0.1732580118548202]
2026/03/19 16:22:16 Ciphertext A: &{{0x1400030a8c0 [{[[23186690850528 32186678367527 19099532803796 5917964660380 20505944507916 20354713947757 23359498316336 31160243474612 21282156315026 34390958158524 22137293332156 3238435344774 32125043280470 4663034591294 11353909965030 16915351554530 25954280830654 4099404040062 32150571719766 24456470891632 3170216660891 1823001297719 23884136762467 6910776058079 28431472551455 34354810812856 14948863220927 8573167519677 412942072151 14282517650009 5937035720878 27845125846269 26952934744135 18556863835216 29149192615961 6576381980290 16610741452607 31149000175213 28664403516276 16549655748602 5461373517064 3860767539136 13027764058692 21766119221828 32587195988466 4100812761043 8794910378857 10472924938427 24465850711682 29597856072052 8309276373894 2797412355435 11519739811876 9249098939725 16344042381603 3331613313950 3999629767140 16938557791044 7368891592011 9360332578586 16452559365520 8270877624733 31412468113330 20328530031910 4516410937247 30489695054226 14735529611680 32566534448326 28062646326268 23878132905991 19403816272742 18510335525143 18990901328204 1117577744069 31466073635453 9140852964129 21213261119991 795609673783 13322426570012 34321074434315 30825964946902 3506676986830 1215822941749 30628534355070 32824640941101 13119577147585 26062734972438 27009335995092 12428786355320 5932279628669 5089786623125 15399661495611 34194931181117 28874769219314 7093850389733 9718871904117 24543264177535 25183649747870 25870040626419 24960233665089 19357755535593 3904266791108 7907707697860 34635417625865 16536452698992 20238293998576 22576506478663 22673731123035 22079644525086 28720278980595 6362934761945 16091119484735 16726735033089 17908569334427 11035111832462 2652545729599 8844093827147 14764313329322 24494143781324 33362651559246 2339911420258 20507441887051 35077989023837 353685088386 23003126685586 9214567730962 15435597156020 19872690835950 29881203243331 28009356973247 14000559035420 16376647775290 5675923370611 3143954057442 13563329984414 25609221491851 7685915237293 19219160406537 26414496820780 7097014435484 2143123406786 28866769202523 24426915978041 4880030792745 12925059652312 16913109002230 22241409976981 22855794338163 11293977485524 25753333810452 33516318552138 20932356932316 23066112702200 830558328195 4604700541162 8618435630803 20837189814558 21649420128023 10472313614002 17138951078791 14617484701214 8514391383483 30551360641844 13842224926007 19491136283883 79410728893 7753582426314 20991656623369 21994307996924 32261884298280 21801430919172 310852690175 21346151856521 1304185678864 18838178380977 34399240853629 14792696335491 31634322394483 25665549397868 28730820335608 15038092067392 13753321914222 25759810198651 59212041398 26521861901712 13687703240015 2527707869175 5271866895926 2785309935106 23849313896103 31345144612028 12593150352331 1801402454043 11456362122025 15064516350169 6864836191792 24080881710174 3440903162441 14391063249516 3183754433797 26173145050932 7433879120895 6423483939756 18789018235151 16648797553494 26754317509245 15772103724121 11254548982423 27878198068758 17237520754934 34404322055417 7538000128903 2217607179590 15713880481813 23368817397076 26965454364030 23522955254873 4122433327932 32339691424957 8523734506621 12861687680071 4076046494201 1335719452983 30619090345467 17510453533629 14149154609528 3763572403480 849565953282 18062484364847 21991961092760 34612503262509 28022096699129 10827445946282 9983661828615 15392218840377 21907237824042 33325754984799 5821838966115 15786815236492 27096247146076 28510193287130 2217673905689 2773180280844 20096961572779 7220032226925 778678504391 30350841711998 1265095438010 12601431352918 5947229710250 3505405179601 432542041510 14138179543728 33827397239084 17171645977877 33819923253591] [22034218672 14936503328 4511555110 31850691940 4919298911 3845472261 16511306677 12189181584 16528950005 16059507189 33809895600 20389707103 840216863 2182172707 1775469456 27435438178 288697469 26298581412 30405631077 12021298266 24855382713 19671425001 22459378125 22260386153 25106854639 14462426589 19369979647 2196391112 22034144637 7620265198 16345374808 26401837521 26348925254 11974563910 29049888513 23239738090 12424598868 21069953728 14772384635 30595489390 24304819948 21441691966 26408254655 31136226707 33445192628 27847783239 26919565300 20232730894 26272356498 1046870969 2096227979 12689298719 14968897235 10802943470 17099955290 14592114638 23849143405 26624337999 23013934191 7449746563 8164235884 10277926972 12294761286 29064581883 30861788924 13615361899 17025099848 8746104318 10360380629 17156790652 12098818589 6794163693 6195616537 16109162310 12514197597 9065915080 16352848027 16437956798 2351387718 17376882720 29514962476 17581233557 5135064370 24703496606 9124389280 5431202657 569288888 12777341363 20967715664 18227098413 9689270687 31198572925 4024397267 15517886531 12498978542 27073213723 8523337650 3850267666 23287655652 33266778344 32457199789 12453958123 10230336311 22135791509 30921634938 17434752817 1608126966 6825451525 27614257333 28646675547 5322091754 10013004791 2377699961 7592245227 858205746 23574362843 13089988076 12760198112 15554281711 7071821941 20210554333 25349930444 3208631995 4720650602 20556717017 19876211244 8561472091 25148606443 4833406354 34222920049 33161837913 1996818917 7678611827 33070478725 8438394774 24195423852 19768188643 3560578180 30619414399 11194229937 2330320042 26277499145 13820744300 14133990586 32110020871 17388429822 7423479228 32319822044 7263689468 7264071550 29490021004 15689769122 31503377873 26495184096 24959532312 28754223433 25051672737 8322143842 4848709811 14937262609 4166277350 6343755343 2889981904 19784918398 7284292664 9692561054 21361057936 16118208732 2380572153 21303456644 25894146376 5599352788 30995818766 14680284602 10334520266 22887912549 31256733520 33790473381 6072783643 26224064583 21105203529 33324386031 22883649729 14111000086 25485192976 9316139350 11181702675 23153238698 10938520460 16780868401 15161016023 22568110757 2608995679 26938502177 11918823153 15348602536 33079890951 27286118900 2539197041 29195398642 22139423450 32338579440 19409097018 19493812168 30868515255 7085847672 27681020017 19094652632 17077203092 24707436593 30248597655 2544956649 31221632368 22701628789 1748348928 24090600676 15963861883 23505284227 27924024051 17321121850 175023208 15682343749 7096673536 168041639 33776158859 30431333391 12410321891 21477712470 21690745394 30122212105 26989771978 18974673759 3293559920 15556502264 34268200637 29314211794 15806383744 34197455640 28644351349 7992454944 14626786850 27180416557 18011137262 30371716363 9462197906 21233529710 6627311232 3699276888 15432479304 18959501295 14371545902 6770598245 25635178331 11738282193 24539393097 33684226550] [7251986906 6442381683 8884751273 23929333312 14600284983 11937806141 28917089372 17288352376 5879667868 31938768492 8630365742 17206248902 31044431089 20674591753 3538959591 3748280127 15014527781 15811334015 8905602023 19158283067 16491634809 1535965417 4561920381 9997780429 15447150820 30515204445 21715431831 3292597406 1422182375 1656499948 28451842417 5689495376 21618986230 17440060707 8253019918 6555917142 26113130882 5038438421 16616834614 13870720695 28754656011 34006721149 21813416717 32612011352 27089504755 21809119480 3091452037 993685866 17390190688 8732537432 11829740570 3794369166 9592540919 4304723340 34076898977 12609781177 29234580121 2760604402 31463073369 11002886554 26891510186 23483939442 30150075802 16509093210 1386131778 9650133766 6039514669 8139252937 22888018018 25030963585 13080426748 5608339314 24575294230 21522007978 28185700096 3683517595 31548049387 30219257790 34274570279 21747790149 10421553281 12558973658 7751432613 31471847949 1844169443 6910083593 22677969685 26466549081 27611864809 2513074836 16134521575 10343383385 1856543415 17574344071 15219851039 19812042571 3404590880 17608630689 3464260394 4121987226 287289027 17305458827 13769669582 7742089624 33521008904 29782289028 12194451451 387135396 19838081381 528832997 28014523507 33586632637 609845170 4302439538 10736352410 12248420299 6897855834 7024928548 4134943769 28261624113 22820593954 26514957479 30198578351 17559861977 18002040687 8590193653 2372995529 30961128624 25370457262 19726392239 26894014752 27198648495 7661157412 31659615632 4307731529 17389526344 32394392294 32792905217 33692431901 4305444964 25051075738 21813851238 3290065769 21698301450 15537573666 33674442875 21707543809 12094335558 22248966678 21087829257 24721192645 9986968128 26654286412 6139240230 17121875924 22384960721 23159588102 25153825547 25490455103 27259653602 17949461326 24093329347 29026405413 28312641985 33882064342 13584439311 32713764355 23827280292 18887388064 34124816316 3230304564 8028209081 5116031607 17656932850 18082702470 24042012487 7078929336 19835634338 14372422862 11347755712 31256305882 5197254717 14642487290 17584310886 28970398593 19190365533 33464433469 20616802873 12137679965 19541187083 3844677724 16363540240 26970176984 3002094108 33179235666 15778619978 6767537463 32734420905 22065352462 8337865442 26495299539 23703730155 2022971787 3634662603 13321295449 19531521325 29743348788 25727530361 23580967630 29574021964 21093600619 15244260136 24004873692 27737263538 11278732571 28253991893 31785750500 13196161049 1390228197 18977182728 33338991386 8368351054 33882982225 2850826410 23490082468 16155951849 17314416508 623607496 31339345304 5213558610 6121219974 15562581115 26810021833 27500460613 26626136232 22931117304 7297771641 27169645136 26268443998 25035772602 34121995353 15449747790 30417806509 13044019348 32926062899 7016220700 20098202056 21860971684 21221848196 10157287647 10624286214 30789092547 29142832870 30981188214 9561914568 4361446264]]} {[[4843727486890 15417966179520 31862671491071 15347962422508 8051212604924 32827377825221 15416493723727 29196205852522 4302314044588 22018769877353 14984840558504 8383454049296 30627993947852 29730726593240 15921525638374 7083176639238 15187794639523 32555681193661 5112745226562 31268045608239 12945131418420 32261418807214 14683459836481 5122575003023 26222533668558 10288616728457 30080717231474 24630450343785 23872250626577 4375711327100 17226796333715 14753863774389 2431397596436 13276190094052 31432347515275 15125696862682 9723295937414 10487121278220 31312185469498 6990769803913 22780424363798 33852905264907 11186376866048 33061852616333 20981081937214 9543133682626 13317377692826 31634789702996 9782530721061 13537365155903 26171582599247 11326358395821 31770011885414 20029332842902 11232124445369 5443066479499 14908976214309 21961311651111 1245534696414 3194470543780 5461716815488 2068161981714 20320281908241 16858919106501 9279392069389 2441800922041 16275411541729 4790286164703 21960103611487 19483700775947 25254754022271 26912392283811 18765350614681 10237380747291 18225944556637 25288249163671 16221173181467 19523806109052 5096476736698 1715454565203 2929808703307 22354509356694 3871698735755 18143702385723 27534422825569 20059535388258 24249610795744 25355609728184 7319837445943 7525194262884 12303759561575 1534616998371 4460102062529 17181347870129 27195411880081 1731741617339 14660697970683 12810830538526 25079226273879 28691496133519 18930535023173 16082755525264 29519068609516 3979319002934 21685947831673 22514042731956 8713268277755 9226701377942 17416313765647 16770802351440 18500420014512 5442855715564 11742358858653 18832941921583 32371446243251 7630460819543 34473446350070 21003330986266 13357057388545 32680232338838 4573978744255 3370525608253 8159732491385 21882773763220 10098335197017 16177867460428 34840775917228 12336142799638 3659815809958 23139419534841 12040225957360 5184625874940 4307101234258 25128950027136 8374339176898 33948280879732 26677818927516 6846381500192 26206696442815 5677353303979 11174504980911 8136457387690 14884599174511 11594154496491 10561842673091 17708116751536 15796962407721 23414020341919 5382864376201 4920473378533 8654872257749 6780798964510 12141748118768 5812683119626 9722449935036 26806930675736 20880835042286 3318582764319 19924300461031 12343462160767 4759940298685 28673659401817 27092208426870 1107711118755 25038377223220 1006096136776 28861673074340 3450293191244 16185345360074 25919813148184 28198434704526 8100482094505 9894696717023 13279292489132 32231623537168 11869287698596 4798263800462 34874684877952 17900851024737 19733838347177 1465438758481 5770167610467 21587611257633 33145824757480 126952095962 683433978955 12652606717910 16877223182871 15223669491634 15431874782873 33909200972299 3024693559002 25326822864498 24066133492175 18188345930656 9981265600886 12344354685629 25506699206226 15682153091386 14832326052136 4719519984234 14413084068839 20112780014155 7871491554755 23672864256398 16050262747659 27304904436472 3842289114362 23097972669140 851058730914 22893514337561 11071762243269 33043602854792 9836367780575 17251147909106 1640855573279 7921119832102 13946576162498 24142763932499 6608540139948 22103148350347 4084653107016 4720271390829 12183584638475 22630073189452 537852870897 11708909605438 34906890710574 11550170739102 22679080602371 24141286565230 1580827608277 30913928481249 15442966594434 19592737900331 27536950030781 19464556886787 25139651026775 21626605456074 34253138745883 21125650401834 25382466256309 23860111154903 5433211009099 13348724893358 30685397723152 34828815860402 5938420042204 30073352605771 28921479928899 10290542848760 9537126794254 6709039647906 2096491430190 26742507734405 16429088413842] [27849253669 8904563710 30987501014 23266164076 22095915188 25815522190 20075651195 27700209842 31283393941 7497910188 24097485301 23150296112 31457213820 33009418481 247103473 8169392934 23259153180 29362285337 34190567265 29668737591 25198065028 20436576777 26029361111 28069918629 23819530651 9270560708 33235441659 8265608445 7568062906 22425000682 25581267997 29910539876 26376096072 16786599753 34250862243 678299049 4725304758 15185499429 28763940086 17503654681 10430022521 863228977 719259054 31496763863 12251268846 7582647909 6467114450 6288483074 118923282 23749036019 25855207630 13384297156 18334706541 1673207721 22350068722 4766581181 22650008240 33046278042 6351276558 15735079882 29263217583 9116477718 31055013414 31717422700 8066844724 451766313 18972145214 10501867638 27774557946 23743432212 29560730215 19352747566 15622989506 29308085943 26758206915 28968974183 15203904712 23427989074 10238726554 7120182320 14141947887 561562819 21170678758 1398586928 26489186086 14314298171 27003144670 25349361165 16310989488 31943559401 29938552475 21098525831 33844608488 9578385894 28514729265 30341877579 4653584135 3294069843 4918879554 13239599127 876629978 30084094286 17778706167 5319916428 14866622649 28490058733 28081990010 10995632638 23170139925 14005019924 5929656721 32178772986 32156413279 6013847305 3541915621 30834440515 17520598615 33108899977 22536771685 29444263030 6535742288 5125596741 33788897662 1021774949 17349628706 8807145790 22192603043 2257850408 8717797526 33729977300 12050489539 23178441529 4047781158 7741678750 21147983154 18429953591 2098638750 27128842255 22065514967 23834052761 19711461352 4365328450 6824981824 18526557521 10543825234 31133352595 6490519983 9591270443 15732024466 24384098109 21442174549 6590301732 4397011796 17046553136 1653191476 5111735574 24218671772 29903417955 8399767652 9573232465 29990787700 27731903927 25621709024 11426873407 4784225099 24677000741 21183358478 21485928201 11081219965 338406964 3975043486 27701631286 1539490640 9674135533 19259043468 24405407571 33296755447 1137365596 4616028551 19832372477 5126985194 24634375350 9534733309 6136210788 15096182627 32655708179 33922578659 14714512411 1948593341 29465344655 7001511165 14701814491 7375404137 12493919939 4112088801 23233846923 27130477080 31036655757 9873228249 14107911236 10427403755 9638596376 12158279911 15846462563 32660470852 11073259660 8164760648 13871157658 19875577381 18703296209 13012717851 7068337412 34207453843 18858942657 22980091881 16723496979 30964492753 32743486157 1055807369 27419938566 23180429324 4191134529 33326386445 31789097245 30360597807 104991775 3479241648 12512031700 1510777051 32519198343 266361117 5532036051 5380214391 22624800902 30307387718 18969761975 29525404169 698049167 1305931480 27686496247 11881420800 11507941742 1073499486 7642230935 32101803762 9240585658 1709945967 20630424755 5973817921 22368755857 11733658309 18681112159 9744181913 19030897883 27298754620 31728414457] [16294462369 22108673067 27335454840 29276232201 4231335195 20653852036 13664602710 13944826541 33960462718 26681213133 29417858550 8205241639 28026995824 12712548761 34278998643 31934459697 23598487139 1006566549 10755449195 12866998590 15523049807 27456722397 1414924138 29589235862 9767712714 28688544001 24857206677 27160166312 5525736451 3061899396 21961022754 9710011001 19923614418 32370575216 8602859221 4355463958 10192689385 18749561799 24777963745 14191117011 21582358849 18111754191 2036104802 32702142768 164357261 34350651873 5447327650 21933627998 16621247973 31883676396 702494810 20677940894 21409021871 22741140486 10329457691 14920615550 1551454045 26705801903 11087657705 26313433410 8711522382 10458902868 24275295663 32913941644 23142396191 14162082672 18237438103 30937019559 24713685469 1258008084 24472116579 11260215199 31218456256 16750178796 9294517038 33287700173 19742227994 25550507429 7701353908 12790795275 1451395228 28799587513 25471197868 1304155153 3947866643 13957342944 3057494831 33718288154 11292402475 24281238997 25840358739 31065730685 10959583631 15890028312 17297613129 26914309910 11217626475 12508512824 16581745421 20519141176 12497344368 8247313403 5489129618 4635471663 12579238822 12414120973 33902215254 10883325085 743026295 25889709040 16039540030 641362871 19079054728 32553137013 21708138169 23564124706 7345915932 31492849666 169059536 33037353886 17285236194 12726138341 5417434283 2669513685 29218995982 25595382224 31920996456 20039500295 9299134185 24259344731 15773207752 3413644197 25807402262 30483300772 13404599592 9296381141 8519806860 26802290769 19398818623 70976137 33894157330 25519439479 30337012751 7980452322 21987244358 23398008894 10384560579 28129571991 22206184237 20044259980 1738445918 32286818494 11388171085 26032245487 30112347110 2357196923 10508977111 25532861250 20588651984 14475839941 30568370970 30857027976 1370504403 4112983697 14786116667 10206174616 17772922275 24110610331 9449419461 9597904650 3643385047 19696522428 2550737478 22661527846 8953920292 23762994985 9192929826 3832339680 23444919400 6132797257 13425517228 23276099783 16171091018 13318650301 2714123494 12738260288 493277978 19206442648 10057552248 14847613575 8770297152 8901690580 9576031732 10138048961 6052540761 30248026178 1598179481 8430610081 683502255 27464326125 28892323075 23013085554 19828970765 4921449255 932479464 29787040822 16383027462 2103570251 30227938860 24679945656 6165175038 26597223971 11416867348 13358678770 16903555744 33727699351 17220275446 18458097972 14649253742 22439782282 21548390895 32766302726 11937770832 30929499885 23512630094 15785836574 13037144147 30559417107 27007707482 24428676332 33585941647 12276500303 13360015328 10127284698 11322852873 31641610546 11290418395 6412974548 5235534573 14368359220 1453345375 22959394772 15084300299 24360089596 7406305763 29435240414 33000799049 29922502483 4708139715 23187204051 4950001325 11644670831 1351609804 28820144255 19446332054 1596120574]]}]}}
2026/03/19 16:22:16 Ciphertext after dot product: &{{0x1400020aeb0 [{[[25657188928426 32864063631774 13523671588500 31961886306416 1350423756224 1784888738277 28297139550163 18820520194245 30512998463082 2509111427665 35145584410066 30537827773254 18536829488499 28497242768407 20731165928317 14406436401853 22932619862027 11115076744129 5078022673430 7755918062388 7371332991339 14879614458411 21570291331810 6925528593908 31408289960685 27062345079163 15594801028202 31663206944349 29647380815870 21924257853911 16563763146867 24912718336072 1960069042761 27448136595184 17515276751846 873662027133 23302348269461 244865622430 34253280426024 17231910225816 7415133916110 13965460750032 19099186961881 14201152299359 10709196528745 4913639675746 25801992711230 29511778837025 21579198408842 32097431920437 26719331715168 14823586301634 1702749210959 2506120520240 16670846540864 35095043720391 7104065432749 13647239127635 24750027553969 5243360491922 22133776771820 34188711829072 32274446840245 11468971066570 27182127251570 11380571390584 14717600224419 18552666785399 32607523207642 1789815047460 18831815452114 27538055461425 4686362299722 32450739441271 33000701954436 19048340744269 15493385001153 18503064539092 7448092056233 7228836012770 7747735073640 8780879911260 28587021944223 32641092268154 14602067153798 18176352501476 7964392166739 2878739800884 20265583278073 9521906066113 2302066869767 10055254372913 22431688766528 33444300872050 23329367159633 26951913970926 21537639541298 28361806545843 32802408905164 34669424831798 14381343659323 28240010921699 6982558579957 23663075797578 19376070368378 147383418070 28034844035018 21610294943353 2077764369667 29577109206364 23001410023165 16046704150835 10910187264546 21469448768805 8922995150776 29823374757208 2722981991178 28701693380992 10885463321723 16259414006054 30471856436961 31003160808053 26490996737341 25796778918905 13405214295761 28682654399611 16900594456494 19773531902422 26193519009992 2370446553021 4652911035562 13425550428992 10382793479242 14194671746651 301571761453 5810088275992 29721166963422 23831034200994 25199316183444 30835727039128 28856923527107 32066025077819 24138792520869 9600187141138 24954890663127 12469879463510 21650275123991 3251150384719 33735494644749 16831711285635 25872214755675 19818501369152 17399547415972 24138842348043 17845745323574 22666279586561 11983400813425 20615325483245 18162042102388 21536085011600 2321538819392 24356233593658 10167446137989 13228991324042 32501678735563 26065996960284 899147802950 17973843382112 27476406409669 29975292903551 3977145482672 15710566094883 807102124446 35043438097735 1725293594650 15663281599331 33535665757967 28071996562204 3016278467769 27905402698280 13399862219513 5544675302964 4942258597865 32501625701329 23431255502632 25982863178412 10602012306674 18611507201459 8456201898890 21424445112059 22531366103181 16503452429124 17231021206434 33203276243555 22437013262047 2647166121168 4941456866467 31667558927885 3797038963737 13244992482780 22686648691729 1543456070278 34573911067673 24741409299038 6035701975509 28207787843735 26781704173689 1775813170404 30988831373387 16031512853482 4777860335382 27727360722942 32084576835594 20424063650678 32510801368382 10006504583730 4507652602883 7096395129042 22466794867563 17167792920987 9396233379090 14610537305036 12362536601298 13366806182138 2473401576410 13737357558361 26867757427810 6249063608854 26858338243540 8183642344553 25856198952738 20340195088783 6082012856983 21208943428417 6487906235616 875138499536 3806726556273 3684419744870 12580543299203 10266055157263 3995969185431 20629639182505 35041572246543 30329929290615 5011558492887 458560988929 13955728150589 29007426712185 30474601418382 16204469246974 21214359083262 7730200471322 29028902276346 18889929538759 31795449313989 5233848927080] [30175116539 10704239419 13670600623 1297720593 28412290818 25011810841 31339423966 33993469932 10345308576 24929195957 9624001531 22925449670 13384852138 21143625388 2106977612 2049974374 26507380645 33858890792 30473015799 25024266616 31036277344 18706437473 12982140394 14972104552 7878528129 15898905281 33560213403 14586389258 8433514561 1934223889 17134051473 6360999245 22000331963 7123738581 32149674046 5380438720 24810190081 30104130894 10075282481 33670349974 26647947824 18454415922 14107480499 16091164685 26416031436 4704121316 10325042146 30805280710 22132188825 18445815092 28844185007 21214853838 18701497857 18400437649 21872367011 6230155084 5319129904 1448394849 8027504060 22744729708 14372672371 2855022919 15742591430 24204079039 25298725371 25065097326 11048204136 29485907148 31483708897 20172048314 10215891864 22731259812 25264397989 33050565491 28340435881 10758577974 8488458904 16193773389 26139192555 29203793427 23998528403 29532864473 17089104823 10912319868 11233165916 11472712417 7758129905 26666568298 22619842560 30259694900 20907217713 9714700517 11745436622 19548758958 28250237737 17468663286 30708730825 22809036493 33295304572 18393344366 32208274929 27557806576 33127555829 28615040327 5931392038 18057115090 11067864128 22824720353 11808942604 17020347891 33546199952 4725268725 7637213110 13186563028 140067983 1942910646 7519480102 16545025793 23999711160 34200314111 6962234386 19967689121 22731550147 7985160743 26781038635 9061393583 20280955726 24253991808 4978269237 853839287 4088952574 2442451797 6137053865 27268434873 6726260830 23584364684 2890782824 33288252423 13582353637 20096518906 11830499572 3034784686 8427125411 8717312524 31166967262 15729574883 25244399783 30404070044 17028950410 12976286826 26035395047 10670676367 4767596543 33356883195 32410008399 8408473099 2940941903 26387623945 16455962989 25752433808 8176840519 24790165535 7817705467 18705938311 23850498402 23020374959 33820501259 6980106031 30936358195 9326426046 5471297760 33026395236 6630378478 3948479925 33901144223 29581705920 25815245231 22057043270 29486467733 11695160694 21908785641 5825341845 27851794196 748423546 885510850 10161591781 33858157729 21901485142 34332769912 12459778264 29650631234 22328601599 11219996384 18846673471 1242182372 11912639551 24488846137 12653692731 15379493066 12936277211 13349652157 33240348558 22618743097 18823001775 34203721061 33198304481 19739717707 910389480 16163283982 1256170787 11392267781 6252295264 26222144489 14739445891 31739064208 7275214660 10878911914 6198605767 33031206319 31595594565 22734531849 20491540383 15887126042 31623115233 21772581663 18068475661 12378631330 32413775543 19599571354 7252094089 7337945106 17268533158 6403714382 22764536951 13345895490 13779816544 18928604548 10890808824 19987082390 8226229587 2965963823 4589031008 13806614569 19937401061 5907630381 26812916510 15536302870 23911724895 2576387089 10454630300 12026364168 30326450363 3470387738 8349434228 32070461467 21900289079] [32020012313 9125887316 24476967235 15001979907 8388338760 27352139518 17372223032 19938139228 30487905112 12102331472 33833967508 12766174251 1782508359 7973752998 11403541289 1851667912 18777254873 7743934870 33675530974 28338213854 20392812004 11295993542 11883253242 13172446690 6647913054 25408732021 24898940761 33574200395 18960585752 29941021157 2844506859 13583450520 24150912844 31516611848 27039654006 7014264156 31478825586 6436687659 21759279972 19090798034 8183556516 29082674124 18688001429 3717810864 6579232680 23962912211 2122524622 16259868747 31752482175 4639017369 9913322882 32092888067 32834258162 21864420864 23134317311 19681562146 32552563918 15174135373 5532422064 16637861818 9680777462 10561933745 31022893617 30025982311 30601764676 24665148807 9590009448 31263080937 27810295405 31196720577 9801960505 1155440697 26325961939 25852371542 24308932315 989962407 32434744686 33949827952 302934676 29759813516 23921316867 29770154986 12375940601 22837710544 20506707037 23071968581 11833485490 30239554888 31305262292 2830141092 12255689818 28086555404 7651002258 33194349998 223130695 29085871941 11153884318 16418933378 19510045616 2065276071 20375417555 2763149368 21790552821 29374247772 15374676300 18326522299 385950375 28869473428 12794938827 17313998101 16029323275 23318675755 4071485827 20676630633 33349697108 26779695099 7346028325 29992973677 2812036049 23072129984 9093753865 29481684124 23447154029 25453926094 19580920180 11408267659 28835544057 12985605531 22565222375 22177300972 28332136507 30334840767 7746521248 19436057593 27605398700 25773626979 6054311906 6581773217 32069351994 15324293267 14964514446 33651164928 19319253412 4498095948 30575872568 10756114585 15035148611 25799277729 24190902674 7502210964 16629166963 6063023913 24163043947 13889999985 10065869812 9052002178 3033227292 23430305371 11560353124 24782110508 5737601431 11438774702 30920299205 11980013950 33222320630 14014571194 15923012736 21674532103 15605167536 3641802584 19492264388 13143834856 29604608190 26649050137 2717478592 12418196316 17423440780 3320774947 10431630959 28434053977 33015621680 13523426031 1390382823 21394085957 21823932900 5049883247 8478219294 26618901089 19680435974 1921195752 24734429285 27308159764 26720705195 9320693255 28002421347 16087316237 12687404273 30684933723 4761970268 6160555174 34279953434 27369740065 10738368769 21927497686 14834649073 17001727754 24807833613 29465828357 3116791910 31479239710 717782751 23579032754 8635591608 19401873236 22705755042 31904448536 24657406022 15930855802 6447903298 2732628942 18340775957 21893046890 14535849392 17596547464 32767462338 22888394989 17371396616 15117148813 18242377777 7032053266 23060435336 13677529683 5538866348 10578467788 14886344205 277435010 3795360792 30004529899 5737853612 11452308104 34322642255 3595342161 32687687669 23665565297 6135647459 8194450200 3247094787 3466412457 8161290183 10306059446 10399979120 26635405949 8971492490 16859679324 33828117094 10291890557]]} {[[30226962438910 32233728911384 28756732694816 30892929955550 1248220868097 22538746113706 16440704347914 28589415798321 27317514094749 1024135253051 16308053713292 13096094404128 13851652865580 9104478015324 763348135550 34248421445471 9453613279521 29900207644713 17658289389548 34827976202299 16987959096432 992740875758 8370962334795 19668363678532 24584889614820 10005817552307 31165015170014 2787988657270 12958018362956 1357090069060 9673474774243 9578428411941 24230162629032 8587066900322 257997177643 32571779881977 18512849139932 27469109966706 12764605117597 14455741966514 31883509175192 7431705765095 21772301318935 24122491934886 6074779722155 15098989830948 4931361082574 15777280647963 26679796638797 6155188029998 32981738421081 29465664840982 27359708837080 2655364231679 33302187379884 19425072335754 31727896303124 24831668070427 33795665133430 18314860770737 33474668983412 8627822138706 23303399990131 5587309825071 1282918874380 21181069098768 8969725534540 31687527572783 1784751315236 1946494964876 28543337449323 24225493986124 10875861364129 16078798792311 25614159055953 8525837956317 21812676230245 33921534088359 21732671413771 18508416388394 4140577185798 29422159737340 32529771101997 23440371774223 27164679974538 27021404660724 20157818038210 34826603030769 24839447237059 13455996006665 1949624058276 19589205475852 20521456558499 26579637018649 32304153287626 4838729334278 14270763726869 15408544763700 2675562914852 12413442175149 4577197068092 16537311364625 8117303837744 3466170989043 11560764973921 13077342797169 28254432186018 31510656527739 25688088411727 12480100890250 24665802052762 30018499390473 20915206616288 5941838880222 5536670429542 28071402383023 33143992948784 11798856379790 23700729333813 2563628582099 24572016318356 17634575064713 4059560837166 10239539689259 24576577895429 30305312719016 3376688011873 34748379547065 24944910876840 25990313222672 10293667100155 22940686273906 17052549126413 3061885465727 31620942513459 15748175347631 34054514356370 12369782524505 19817253521229 410349827249 30272940762317 25912637983302 31318989866366 961045929047 19382991539380 1966674397639 7139025273373 5622845256606 25928715740464 10159676845142 1023693244064 15953554342624 31363356725773 12405232242342 17457896223326 21119866735607 6358993077867 7405385099170 27427943249790 30339429585955 29075382565848 9634329653190 29205239536326 31707514409792 12682176696609 5368537584186 24305789737466 9015872622106 963238828591 9549832017819 14369442644729 33224735016729 11833645121656 30235568680556 19306467633790 25859892896149 27782771300318 5728100595229 33745338082878 628558518637 30611828305192 27419191099232 4452688154290 27283430412206 21272848225350 32620292143179 26936872244418 15839709096959 4986306511243 22509497833393 24004580636782 2813391391213 5836316692143 2126451946474 12298560114659 23296134526299 31585587066435 24133156057146 1118936233555 33715162913459 9705975506384 14493032435957 17087692834726 10289102344366 24304938480286 24928067197686 4487074701397 34341907834992 8117242391153 26861284060014 21739189657036 16581303521129 29939408971995 8215136733894 13380548475979 194993110713 10184228546951 18166972975515 6841017362831 13723762570527 13344482133229 32248099217158 28926679055845 10667169687812 22513013276181 21125345697462 34721624073133 17440415571421 18604383700229 9563826300944 6130896267649 30646460524449 17069033203929 27747140617440 29292373711361 19297561175 25964109252590 9328150764261 33401449410389 1925301654518 7902661295642 7769305401824 11272991128789 3034140387656 32116961470248 19907410686220 1820048924521 28549182158790 14383987293025 8778815499312 30730978601818 12274791605181 2558103710938 28345403409769 23781278993636 486046435411] [13357135039 27647395371 32732837599 33291672059 18812161858 15713079340 12312462872 29745972484 18219725263 21054574183 20268209146 19920825814 1915662500 15246603420 33502325978 2217849568 28826336928 29066352990 2355160802 27031797861 28220398396 1691017972 8675010652 25181558313 31789271770 14308835964 26662782315 1692196782 31409526312 31961768976 26679634450 23721855752 27662678713 2848181007 21086329908 23820896536 3813448305 25823947216 24331022364 21210009275 10185342465 20064250211 26826908614 846458506 23991138059 10237232685 28217228299 14413834867 6928747518 3150176340 28912600171 33966272843 2903972922 25896491994 27549107270 17844438563 32470442350 33267427559 3915892258 654181393 33521816002 7942643946 12424923029 9742328164 28698136865 18690556639 19427507764 4269000076 5272486951 13200956709 6296768859 21733533873 25691990836 7827659748 18335242247 10716716647 15087770826 19465792063 7629364819 11783241536 16589226630 16301595646 28488481623 1221685162 10742575969 3540174015 17768834361 28009863404 776345864 11317860145 8362752794 34084817841 32676006861 7049429128 2043796436 15198853107 9752153166 30818274854 24772700913 9679142433 6667248755 1839249325 31031143750 4468898257 19868553992 10954456256 1831349656 4109079359 18451721715 24590493527 5874986227 22029679375 7538599250 1461892461 8434194934 29730655797 26780888401 15331093224 29594484179 1058665421 27763213898 9640404308 14457499962 32069325651 25536003362 30742306534 9733720183 1662722012 16917724245 2883540184 2842842778 9141102572 3608898200 26771199865 1691058285 13626180096 13333004886 14532629058 13099793907 23936987543 9264929409 27465687457 14134430744 20556714516 14984392402 11796784275 20927910383 1666705250 18627872302 31990414190 331327479 33525618138 3105760095 27439525130 26064584920 4182994906 24398416220 14645091951 15692054658 5926562034 20240772056 8585765082 9495276077 27088824337 33597564261 14504926218 11911540571 24222839145 3432850112 4639969027 21654805971 27826919831 7319339550 7323405397 7621788439 21518956899 2197476859 28153979846 5311600264 13113599943 14997600866 31373288012 31561082225 1369893548 26458519008 14314009862 22365590318 15919025288 15671414553 13503588481 14865160127 16459980169 6305323719 3357720152 11576831897 30983808985 22463044339 27637881570 30371700068 21831287257 32991933060 20733751781 612256561 8332963699 1795730192 32231697315 17149239274 31346794747 29833742561 9917628266 1613956538 9370840260 24190223800 19528857467 11084269788 2783549360 15297368728 14078618687 1258086601 2291371810 27317654288 24166377330 12716060046 32693915963 27992196407 6139406880 5233022403 23789420321 18782464698 137012556 20398998697 2256380715 3327617251 18139045690 30589026312 7457467941 13075488861 26129473973 6265135048 9782294449 30344558608 18167396667 23028545172 6827549356 3589531101 19229305839 30156749350 31862935172 10543764561 24103869823 28582043943 20591246071 1085691420 20931207270 10594115524 8142707932] [1694669245 216274557 25156100445 1751881136 19103445444 7192198958 584278629 19507568961 28565741597 13168140865 24193907018 33211816971 16113501303 8401286480 7598365175 7758420658 2440700842 12592747586 23958860804 2046359435 16856786057 11767986728 17778821033 12311030019 15978804958 16213103651 11942803056 3808679021 28079182116 14207470958 4317031470 28751353520 5543279361 21473313452 30013923151 9226675175 25828004794 18516064818 25634221017 6229561552 31041296238 14745273289 33235566739 11640263471 22677595657 9152955131 14067660926 6068612130 23612207223 31168122838 31141226795 28278988766 1101655882 8349934316 15704881872 8353914421 3330536626 25731401022 12399159831 9070385997 12716304326 8108275686 13266471771 16883406534 12081647724 28787932769 4102865533 27476337308 32847387027 17947178861 7274548391 16901004474 571202324 22994462116 18859784775 5759605011 28956955882 29742935757 18767147852 8692896940 17554497154 2943298297 24622377052 9608319264 9917525850 34274439631 9881893843 19154270371 67386933 14179487632 19503711769 21448229634 8221991423 10596891288 5184866898 15030475578 6380300778 7549839376 7737890714 26492949832 10693708603 790351121 22294061409 16320705679 23394108041 20115375298 17700873949 1343178750 20661814472 34220448634 18961173398 23737366914 14146578962 3799761969 3795699750 75963638 21637699407 30179861550 20410421241 33755125149 21820573849 20526513716 31240635441 21010169938 22264430432 9061135177 26581409844 21947819133 811152782 6431313156 28607347592 871631724 23517533400 7432865880 21809419415 31138253967 3233871432 326098269 14892314667 17699435237 9261634760 18532254085 15593409936 13511448379 34028451953 9050197641 25356320398 2792463795 32843836754 16944447064 10503968517 1975043664 28774090486 17945980537 5486864060 25033891570 24752152364 31252173733 26805116600 7521507769 12187307874 32154609254 22811553024 19432682138 2045014431 21139270155 12046780459 19079583745 29197733042 17263072914 21834110920 21270527102 11679241050 8629243784 25364162185 15877657603 6758940541 31926545318 25340563601 3752530854 7952922352 13182723682 19591159785 26565983162 9695034414 5997313305 293866091 30925488359 31942576306 16497135571 31941761602 5440792469 6245745740 8605935413 6943777917 2082705027 12016549975 18093204244 29472553922 11102168275 8164886710 9714934378 32800345660 33724363029 17333457325 1148594422 4262864431 28996530097 12833147544 7546519692 14217232307 14701566371 7757907163 14637219756 5424455142 12488876603 15378994302 30642793269 17465707973 4986892805 17047968209 25735806454 26348243018 28059670323 8193701694 30385285843 24117056097 31926294584 5198063536 21791505745 11968486269 14613475902 2702740627 21727520115 9771799585 23057139197 12548652496 13733305998 12194380951 1262241555 21320603717 7222271969 14438962352 25107092470 28695482644 22651992043 7793406505 16234272422 8086598297 7295604953 32362913023 22608787402 32845269933 4276463345 27968530932 5580346596]]}]}}
2026/03/19 16:22:16 Decoded values after decryption: 0.3494603280886068
2026/03/19 16:22:16 Expected cosine similarity: 0.3494603260267963
--- PASS: TestCosineSimilarity (0.01s)
=== RUN   TestBatchCosineSimilarity
2026/03/19 16:22:16 Expected cosine similarities: [[-0.024593241082747592 -0.00770471400603538 0.09453222264529612 -0.015304531561157166 0.027999565634604595 -0.07151789950393309 -0.15511102871427848 -0.03430354561704829 0.18375910266935874 -0.06205016856847667]]
--- PASS: TestBatchCosineSimilarity (0.01s)
=== RUN   TestWithNamesWithoutCompression
2026/03/19 16:22:16 === Entity Matching with Homomorphic Encryption ===
2026/03/19 16:22:16 Loaded names, Vectorizing...
2026/03/19 16:22:16 Expected plaintext similarities:
2026/03/19 16:22:16   Bindu: 0.000000
2026/03/19 16:22:16   Sudheer: 0.000000
2026/03/19 16:22:16   Rohan: 0.774597
2026/03/19 16:22:16   Sahiti: 0.000000
2026/03/19 16:22:16   Kartik: 0.000000
2026/03/19 16:22:16   Phani: 0.516398
2026/03/19 16:22:16   Keyur: 0.000000
2026/03/19 16:22:16   Aditya: 0.000000
2026/03/19 16:22:16   Priya: 0.000000
2026/03/19 16:22:16   Mohan Teja: 0.912871
2026/03/19 16:22:16 
HE-computed Cosine Similarity Matrix:
2026/03/19 16:22:16 Similarities for query 'Mohan Tej':
2026/03/19 16:22:16   Bindu: -0.000000
2026/03/19 16:22:16   Sudheer: -0.000000
2026/03/19 16:22:16   Rohan: 0.774597
2026/03/19 16:22:16   Sahiti: 0.000000
2026/03/19 16:22:16   Kartik: 0.000000
2026/03/19 16:22:16   Phani: 0.516398
2026/03/19 16:22:16   Keyur: 0.000000
2026/03/19 16:22:16   Aditya: -0.000000
2026/03/19 16:22:16   Priya: 0.000000
2026/03/19 16:22:16   Mohan Teja: 0.912871
2026/03/19 16:22:16 
Decrypted Cosine Similarity Matrix:
2026/03/19 16:22:16 Row 0: [-0.000000, -0.000000, 0.774597, 0.000000, 0.000000, 0.516398, 0.000000, -0.000000, 0.000000, 0.912871]
2026/03/19 16:22:16 
Similarity Matrix with Entity Names:
2026/03/19 16:22:16 Query \ Store   | Bindu | Sudheer | Rohan | Sahiti | Kartik | Phani | Keyur | Aditya | Priya | Mohan Teja
2026/03/19 16:22:16 ----------------------------------------------------------------------------------------------------------------------------------------------------------------------
2026/03/19 16:22:16 Mohan Tej       | -0.000000 | -0.000000 | 0.774597  | 0.000000  | 0.000000  | 0.516398  | 0.000000  | -0.000000 | 0.000000  | 0.912871 
2026/03/19 16:22:16 
Best match for 'Mohan Tej': 'Mohan Teja' with similarity 0.912871
--- PASS: TestWithNamesWithoutCompression (0.06s)
=== RUN   TestWithNamesWithCompression
2026/03/19 16:22:16 === Entity Matching with Compression + Homomorphic Encryption ===
2026/03/19 16:22:16 Loaded names, Vectorizing...
2026/03/19 16:22:16 Original vector size: 745
2026/03/19 16:22:16 Original plaintext similarities (before compression):
2026/03/19 16:22:16   Bindu: 0.000000
2026/03/19 16:22:16   Sudheer: 0.000000
2026/03/19 16:22:16   Rohan: 0.774597
2026/03/19 16:22:16   Sahiti: 0.000000
2026/03/19 16:22:16   Kartik: 0.000000
2026/03/19 16:22:16   Phani: 0.516398
2026/03/19 16:22:16   Keyur: 0.000000
2026/03/19 16:22:16   Aditya: 0.000000
2026/03/19 16:22:16   Priya: 0.000000
2026/03/19 16:22:16   Mohan Teja: 0.912871
2026/03/19 16:22:16 === Applying High Pass Filter Compression (cutoff=512) ===
2026/03/19 16:22:16 Compressed vector size: 466 (37.45% reduction)
2026/03/19 16:22:16 Plaintext similarities after compression:
2026/03/19 16:22:16   Bindu: -0.072590
2026/03/19 16:22:16   Sudheer: 0.075376
2026/03/19 16:22:16   Rohan: 0.773106
2026/03/19 16:22:16   Sahiti: -0.041032
2026/03/19 16:22:16   Kartik: -0.017523
2026/03/19 16:22:16   Phani: 0.514203
2026/03/19 16:22:16   Keyur: -0.010389
2026/03/19 16:22:16   Aditya: -0.008839
2026/03/19 16:22:16   Priya: -0.006649
2026/03/19 16:22:16   Mohan Teja: 0.912215
2026/03/19 16:22:16 
HE-computed Cosine Similarity Matrix (with compression):
2026/03/19 16:22:16 Similarities for query 'Mohan Tej':
2026/03/19 16:22:16   Bindu: -0.072590
2026/03/19 16:22:16   Sudheer: 0.075376
2026/03/19 16:22:16   Rohan: 0.773106
2026/03/19 16:22:16   Sahiti: -0.041032
2026/03/19 16:22:16   Kartik: -0.017523
2026/03/19 16:22:16   Phani: 0.514203
2026/03/19 16:22:16   Keyur: -0.010389
2026/03/19 16:22:16   Aditya: -0.008839
2026/03/19 16:22:16   Priya: -0.006649
2026/03/19 16:22:16   Mohan Teja: 0.912215
2026/03/19 16:22:16 
Best match for 'Mohan Tej' (with compression): 'Mohan Teja' with similarity 0.912215
2026/03/19 16:22:16 
Comparing compressed vs uncompressed results:
2026/03/19 16:22:16 Store Name      | Original Sim | Compressed Sim  | Difference     
2026/03/19 16:22:16 -----------------------------------------------------------------
2026/03/19 16:22:16 Bindu           | 0.000000     | -0.072590       | 0.072590       
2026/03/19 16:22:16 Sudheer         | 0.000000     | 0.075376        | 0.075376       
2026/03/19 16:22:16 Rohan           | 0.774597     | 0.773106        | 0.001491       
2026/03/19 16:22:16 Sahiti          | 0.000000     | -0.041032       | 0.041032       
2026/03/19 16:22:16 Kartik          | 0.000000     | -0.017523       | 0.017523       
2026/03/19 16:22:16 Phani           | 0.516398     | 0.514203        | 0.002195       
2026/03/19 16:22:16 Keyur           | 0.000000     | -0.010389       | 0.010389       
2026/03/19 16:22:16 Aditya          | 0.000000     | -0.008839       | 0.008839       
2026/03/19 16:22:16 Priya           | 0.000000     | -0.006649       | 0.006649       
2026/03/19 16:22:16 Mohan Teja      | 0.912871     | 0.912215        | 0.000656       
--- PASS: TestWithNamesWithCompression (0.08s)
PASS
ok  	github.com/Zorrat/Fuzzy-Private-Entity-Set-Intersection.git/hem	0.490s
